0.34605522286449736 
-0.025123073618789474 
0.0 
301 2 2 
0.7302248767971883    0.5752048667059281 
0.7326742087184365    0.5850873204631598 
0.7351282075350716    0.5949688002691279 
0.7375822063517067    0.604850280075096 
0.7409487190232574    0.6144418362037553 
0.746916609287525    0.622636925878998 
0.7547923281944341    0.6290093752786123 
0.7641653232858784    0.6328307005387163 
0.7742442779479145    0.6338459849417512 
0.7842490634149677    0.6322040606722549 
0.7939240073058982    0.6290321456735136 
0.8035910529115198    0.6258362134766999 
0.8132142474045172    0.6225120944885285 
0.8228078214742941    0.619102123748892 
0.8323137190409692    0.6154547494296488 
0.8417710654208244    0.6116859847711295 
0.8511604384681419    0.6077482916487408 
0.860555215524455    0.603827454821449 
0.8699936235368118    0.6000090674035896 
0.8793886363393645    0.5960848492919562 
0.8887329959196132    0.5920432125326129 
0.8980302692986407    0.5878927353234924 
0.9072043444817587    0.5834777004167887 
0.9163113389031875    0.5789284402300997 
0.9254096138468263    0.5743653684720741 
0.9345267415377726    0.5698347099403498 
0.9435840182278026    0.5651837431260155 
0.952504825391705    0.560277651440682 
0.9613725225652668    0.5552756087143699 
0.9700116524029267    0.5498875488598531 
0.9787873455458592    0.5447284654702231 
0.9875013829982373    0.5394624133791064 
0.9960928679521908    0.5340018826311564 
1.0045898956108692    0.5283924018784081 
1.012862008098492    0.5224593531357481 
1.021199350653846    0.5166188367817669 
1.0294551561485186    0.5106606075773938 
1.0376742489667896    0.504651739656684 
1.0456379594417649    0.4983079669848534 
1.0535595321913076    0.49191272503952144 
1.061391730490156    0.4854082417890058 
1.0692159879078715    0.47889442345979955 
1.0768165804946994    0.4721197097627598 
1.084372134807623    0.4652961034156845 
1.0917549557511252    0.45828586832583484 
1.099200977654773    0.45134203106173776 
1.1063879462912638    0.4441300108755556 
1.1135727606233181    0.4369158880824096 
1.1205280466511878    0.42948061970756424 
1.1275190333130525    0.42207846739614624 
1.1342701443108563    0.41445884720133735 
1.1409365032059449    0.4067630423422161 
1.1475390838646284    0.3990135184722453 
1.15402479812288    0.39116487120611615 
1.1604850838938117    0.38329566825013606 
1.166632505285095    0.3751793310907247 
1.1727460030704036    0.36703740882526253 
1.1786741735719541    0.3587615962702361 
1.1844638918334083    0.3503863401069424 
1.1902098297129784    0.3419811282079454 
1.1956350982904356    0.33336568020647517 
1.2010338934869211    0.32473325506783624 
1.2063927738929636    0.3160766575234485 
1.211405996442415    0.30721475293033335 
1.2164192189918663    0.29835284833721826 
1.2214145725549996    0.2894811634841822 
1.2259550311390983    0.28036848112624196 
1.230463347122459    0.2712393606679516 
1.2349716631058196    0.26211024020966117 
1.239236364210786    0.2528663380081271 
1.243381271260027    0.24356658000584808 
1.2475261783092682    0.2342668220035691 
1.251544950185915    0.2249123694078815 
1.2553568751819313    0.2154713890735064 
1.2591483237738295    0.2060220149713346 
1.2628119257384782    0.19652298134132223 
1.2663855234701566    0.1869890864079834 
1.2698835326564006    0.1774273262547207 
1.2732013761230327    0.1678023618386783 
1.2764024112559167    0.15813700476168208 
1.2796034463888009    0.14847164768468582 
1.2826466159838876    0.13875636458051302 
1.2855484167785782    0.12899699541395593 
1.2884494585559867    0.11923739962552629 
1.2910850556309108    0.10940480214096962 
1.2935555174486832    0.09952742537612312 
1.2960259792664557    0.08965004861127661 
1.2981788149328175    0.07970051688725242 
1.3002045033826468    0.06972242390051231 
1.302230191832476    0.05974433091377232 
1.3037461787036388    0.049678346808343606 
1.3051345047888547    0.03959180607185171 
1.3065042883192532    0.029503027521076038 
1.3072780528462622    0.019351671990636428 
1.3079909161014598    0.009195020016329637 
1.308628806205606    -0.0009656056571468692 
1.3086540378497484    -0.011147062048854135 
1.3086702527273735    -0.021328687185616136 
1.308509594391501    -0.031506012880582274 
1.307843023008783    -0.04166580795428043 
1.3071764516260649    -0.051825603027978596 
1.3062447118639642    -0.061960740784665326 
1.3049426617754885    -0.07205878113489667 
1.3036406116870125    -0.08215682148512816 
1.3020157192150692    -0.09220461925092309 
1.3001351537135677    -0.10221107850194504 
1.2982545882120662    -0.11221753775296697 
1.2961218226213058    -0.12217182044206872 
1.2938613324979618    -0.13209935476586063 
1.2916008423746175    -0.14202688908965244 
1.2890731123568697    -0.15188878427887942 
1.2864628600369568    -0.16173014273054612 
1.2838526077170442    -0.1715715011822128 
1.2809713891056165    -0.18133619776871604 
1.2780151879760497    -0.19107922749408102 
1.275058986846483    -0.20082225721944613 
1.2718908114437621    -0.21049811830943282 
1.2686901218374536    -0.2201635898132897 
1.2654164119810583    -0.22980437400231998 
1.2619318152896781    -0.23937097520956654 
1.2584245203383206    -0.24892946020835083 
1.2549172253869632    -0.2584879452071351 
1.2511543220122057    -0.26794770147887836 
1.2471879345643642    -0.2773249891443712 
1.2432215471165224    -0.2867022768098641 
1.239056441559025    -0.29599240117918457 
1.2347183700215163    -0.30520260790270015 
1.2302335743321395    -0.31434330595987 
1.2255966369089393    -0.3234069681157061 
1.2208428882062314    -0.3324102983540028 
1.2158197068251493    -0.3412665617963666 
1.2107145088656253    -0.35007512792841405 
1.2054570877282256    -0.3587938603251813 
1.1999055215649728    -0.3673288393223922 
1.1943452034275228    -0.37585804474435147 
1.1885194361717903    -0.3842061724736257 
1.1824717937263756    -0.3923971293286107 
1.1764241512809612    -0.4005880861835954 
1.1701333367125202    -0.4085927562230471 
1.1637812936045657    -0.41654997318015546 
1.1572851569969578    -0.42438727477203875 
1.1505802093630944    -0.43204948271589877 
1.1438558776198415    -0.4396938306453674 
1.1368356312281636    -0.44706823868587714 
1.1298147385948112    -0.45444201878454094 
1.1225189787619776    -0.46154359681671486 
1.1153064602073297    -0.4687299755880132 
1.1078122408788038    -0.4756201996270669 
1.1002546048912238    -0.48244280115632493 
1.0924734586111249    -0.4890075085377298 
1.0847502833688432    -0.4956412031229906 
1.0767960951732958    -0.5019946678333443 
1.0687789601545674    -0.5082709166683794 
1.06050698003453    -0.5142063384437697 
1.0522023130735225    -0.5200967850716942 
1.0437739385820253    -0.5258088978672665 
1.0352764142195767    -0.5314141294016367 
1.0265532620089586    -0.5366650692087744 
1.0177205142529966    -0.5417250263859968 
1.0087668633972924    -0.5465724885779019 
0.9997683242654043    -0.551334506483115 
0.9907797605166982    -0.5561158044070784 
0.981560010382785    -0.5604353439348077 
0.9722582208298782    -0.5645701439430333 
0.9628387595540421    -0.5684353092203305 
0.9533052283189487    -0.5720064073059703 
0.9437167718789143    -0.5754287871467846 
0.9340676129484664    -0.5786736425253016 
0.9243884417011791    -0.5818208771732255 
0.9146193273775753    -0.5846886712882896 
0.9047238594340891    -0.587084312304686 
0.8947708918061684    -0.5892161395940293 
0.8847554190151556    -0.5910476876983396 
0.874658858893953    -0.592356138022895 
0.8645292910523222    -0.5933437993039405 
0.8543639619612325    -0.593915944861026 
0.8441845684763893    -0.5937934224856471 
0.8340287241385769    -0.5931832767216382 
0.823931544721962    -0.5918886171321059 
0.8140170523754945    -0.5895933728524675 
0.8043135047667823    -0.5865414771607911 
0.7950318378778539    -0.5823562157459246 
0.7862916178728171    -0.5771547814412261 
0.7779205185508619    -0.5713685898115993 
0.7703208741985713    -0.5646078849735657 
0.763027721021518    -0.5575053802866042 
0.7566188958447864    -0.5496049211189645 
0.7506057592634416    -0.541388624485237 
0.7448279444607149    -0.5330111962124772 
0.7398968997331282    -0.5241035953940139 
0.7350000275724915    -0.5151769221761539 
0.7302124637251899    -0.5061927934891192 
0.7260671654772658    -0.49689378414235796 
0.7219647862390655    -0.4875752258593373 
0.7178958580967071    -0.4782419747044544 
0.7140001094450005    -0.4688380448419819 
0.7104660711768193    -0.4592894357585651 
0.706961929583511    -0.44972979428820403 
0.7034577879902028    -0.440170152817843 
0.6999323021844598    -0.4306184751389421 
0.6966238268035914    -0.42098947088684624 
0.693328023144041    -0.4113560171144189 
0.6900500750951969    -0.40171652351049986 
0.6868226627809186    -0.392059942174362 
0.683656179106623    -0.3823837028670863 
0.6806621186980113    -0.372652273906414 
0.6777076897925046    -0.3629087066341001 
0.6747532608869979    -0.3531651393617862 
0.6718173971613267    -0.34341600297703034 
0.6689317588136555    -0.33365189343094 
0.6661569481628092    -0.32385566052232895 
0.6634407128614341    -0.31404333414454455 
0.6608272852331033    -0.3042028184375667 
0.6582138576047725    -0.2943623027305889 
0.6556525241269897    -0.2845082864360677 
0.6531755704896584    -0.2746325683814831 
0.6507403714309287    -0.26474643876003023 
0.6484151147165139    -0.2548344529294934 
0.646197021231527    -0.24489736006288204 
0.64397892774654    -0.2349602671962707 
0.6418822845651614    -0.22499731792773722 
0.6398663642053466    -0.21501724686332666 
0.6378548087368655    -0.2050362972868787 
0.6360199334495169    -0.1950218950297355 
0.6342540488424413    -0.1849945621389667 
0.6324881642353656    -0.1749672292481976 
0.6309374355704904    -0.16490478844373513 
0.6294313456302323    -0.15483515853794153 
0.6279255962500632    -0.14476547977104395 
0.6266504515199531    -0.13466406120004795 
0.6253850959934234    -0.12456135716898391 
0.6241403215574715    -0.11445624708898924 
0.6230740633456798    -0.10433059538371736 
0.6219890377057072    -0.09420693632642009 
0.6209739198793865    -0.08407666196569785 
0.6201676617640433    -0.0739269968875173 
0.6193614036486998    -0.06377733180933624 
0.6186669925420415    -0.053620216920350225 
0.6181362433663433    -0.04345242174832289 
0.6176054941906451    -0.03328462657629606 
0.6172448486664324    -0.023110353107521974 
0.6170145194540684    -0.0129313206485042 
0.6167841902417044    -0.002752288189486944 
0.6167995157059323    0.00742840219301645 
0.6169058763792692    0.017609484687278097 
0.6170122370526061    0.027790567181540257 
0.617447280208992    0.03796248565007602 
0.6179214599151673    0.048133075945337 
0.618419219146205    0.05830234168629216 
0.6192780842826651    0.06844766767439114 
0.6201393681142198    0.07859281151315992 
0.6210843293920801    0.08872945936736124 
0.6223467172966631    0.09883253464799575 
0.623599221271271    0.10893683189392922 
0.6249394191298633    0.11902898425215974 
0.6264720623534115    0.129094606840808 
0.6280047055769595    0.13916022942945677 
0.6296828475090706    0.14920157978539209 
0.6315170859567044    0.15921663458629184 
0.6333513244043382    0.16923168938719116 
0.6353445276463638    0.1792155291294601 
0.6374439885130363    0.18917836092655058 
0.6395392069035918    0.19914208487185098 
0.6417161316276402    0.20908812102775015 
0.6439296283174993    0.2190262388451126 
0.6461431250073588    0.22896435666247558 
0.6484641140432634    0.2388777755230246 
0.6508126695977305    0.248784845733505 
0.6531612251521977    0.2586919159439849 
0.6555916683739115    0.2685791403300597 
0.6580446855607628    0.2784608638653954 
0.6604977027476143    0.2883425874007317 
0.6629854506496502    0.2982156221081742 
0.6654746585188718    0.30808829132838006 
0.6679620383426526    0.31796141724001165 
0.6704749856927883    0.32782785232035605 
0.6730516434268093    0.33767805984454125 
0.6756233348220965    0.3475295546907333 
0.6781561564648027    0.3573911249447064 
0.6806889781075087    0.367252695198679 
0.6831986843299626    0.37712004550605105 
0.6856989387202709    0.38698936441846515 
0.6883140153682729    0.3968294420336505 
0.6908957040352564    0.40667815420093695 
0.6933756723474935    0.41655314840438307 
0.695855640659731    0.42642814260782974 
0.6982671695391707    0.4363195708748545 
0.7006350279925692    0.44622101264410907 
0.7032266414012072    0.45606729586611555 
0.7057205855076182    0.465938031177055 
0.7080673271079408    0.47584553122545875 
0.7104140687082633    0.48575303127386205 
0.7126516452268499    0.4956851114425165 
0.7147730718576217    0.5056432891070317 
0.7173022190465437    0.515504322093146 
0.7196780591809827    0.5254025855572587 
0.7218662263000273    0.5353463111169741 
0.724054393419072    0.5452900366766888 
0.7261440988857415    0.5552546720946305 
0.7281844878414648    0.565229769400279 
0.7302248767971883    0.5752048667059281 
0.5620376493230648    0.6167596248795184 
0.5653597383253796    0.6301301969638696 
0.5686927539701474    0.6434980486804995 
0.5734551709847541    0.6563529923596699 
0.5793830625957771    0.6687895744564558 
0.5853109542068    0.6812261565532417 
0.5912388458178229    0.6936627386500276 
0.5971667374288461    0.7060993207468136 
0.603094629039869    0.7185359028435995 
0.6118661685156007    0.7288374890641177 
0.6221548002835264    0.7380000503624753 
0.6324434320514523    0.747162611660833 
0.642732063819378    0.7563251729591907 
0.6530206955873038    0.7654877342575483 
0.6633093273552295    0.774650295555906 
0.6750605111545929    0.7812327689857331 
0.6882066197719044    0.7853544557064794 
0.7013527283892163    0.7894761424272257 
0.7144988370065279    0.793597829147972 
0.7276449456238395    0.7977195158687183 
0.7407910542411513    0.8018412025894645 
0.7539371628584629    0.8059628893102108 
0.7675933578448163    0.8051168067174834 
0.7813027512924537    0.8037526203299239 
0.7950121447400915    0.8023884339423644 
0.8087215381877292    0.8010242475548048 
0.8224309316353668    0.7996600611672451 
0.8359648505614475    0.797454995808628 
0.849075653588765    0.7932223468530664 
0.8621399072117495    0.7888493450618386 
0.8751507220115197    0.7843208933565339 
0.8880885886506595    0.7795859086649046 
0.9009212004921346    0.7745751798937449 
0.9136847572956648    0.7693902234244284 
0.9264012093994733    0.7640896315022195 
0.9391486086834823    0.7588640465661156 
0.9518357126715703    0.7534932118453688 
0.9644342168315969    0.747918730202092 
0.9769445044468478    0.7421522905291292 
0.9893244213892213    0.7361069510264985 
1.0016470304993872    0.7299457936487994 
1.0139584957106713    0.7237622449159321 
1.0261687904226084    0.7173848484791235 
1.038267545762586    0.7107957870969965 
1.0501296476299224    0.7037887183452954 
1.0619928422332474    0.696783501095566 
1.0737946824017925    0.6896768182783564 
1.0855147723468133    0.6824347215596738 
1.0970103334205452    0.6748426433179087 
1.1084320849585128    0.6671404884920932 
1.1196511182228028    0.659144141401725 
1.1308520271520812    0.6511224138845285 
1.1418464209850774    0.642821097343556 
1.152793916945891    0.6344573374994923 
1.163493878398292    0.625778668355017 
1.174115231331114    0.6170042017261969 
1.184564056939112    0.6080267718151896 
1.1948939694436345    0.5989112646079008 
1.2050022916509455    0.5895501591520631 
1.2150462607337909    0.5801204053041987 
1.224986637135656    0.5705824195854897 
1.2347058139677645    0.5608178881114079 
1.2441962444527899    0.550831004744644 
1.2535690056762752    0.5407342701147001 
1.262866635534335    0.530567532573844 
1.2718964913983495    0.5201625426955424 
1.2807882489273976    0.5096394392782052 
1.2895627253395827    0.4990186191607117 
1.2982137850389435    0.4882963227984472 
1.306569428555868    0.4773438863495874 
1.3147097124685156    0.4662299592033333 
1.3227344447895941    0.4550312028269687 
1.3305459381583649    0.44368275751263453 
1.3380715458220152    0.4321448662401167 
1.3454545906868665    0.4205131462407408 
1.35274189880432    0.4088211141845315 
1.35964578668591    0.39689993623939557 
1.3664699299606982    0.38493171050267616 
1.373210176198768    0.3729172195144247 
1.3794366521371626    0.36062740785635894 
1.3856143573109143    0.3483131666978472 
1.3916423364656776    0.33592587308736443 
1.397415338285258    0.32341663956994815 
1.4030677092161707    0.31085270218639277 
1.4085457958239984    0.29821208736715743 
1.4139191611978426    0.2855262090954121 
1.4190507301309363    0.27274045634138777 
1.424020746076498    0.2598912156472158 
1.4288760596978218    0.24699836960407165 
1.4335803483125158    0.23404997998247243 
1.438048162154515    0.22101743945211633 
1.4424064830238323    0.20794801423254347 
1.4465806669222823    0.19481907405097496 
1.450636540174529    0.18165266141902459 
1.454557083373365    0.16844517058131472 
1.4581061250532523    0.15513326725464882 
1.461564422842009    0.14179764886463586 
1.4648348820469723    0.1284153129998019 
1.4677301905620157    0.11494587864624212 
1.4705248529002832    0.1014554805242967 
1.4730847624621037    0.08792141167418926 
1.4751441801284917    0.07429910379051907 
1.4770744387087227    0.06065838242651013 
1.478813703396104    0.04699368930375022 
1.479898989608916    0.033259402753717374 
1.480864610622083    0.019516690008109627 
1.4817146834659072    0.005765840966602255 
1.4818497280425316    -0.00800927664074138 
1.4818154902748646    -0.021785686147707848 
1.4816306557762562    -0.03556154580909582 
1.4809392147824252    -0.04931800963745494 
1.4799518819257298    -0.06305884491121277 
1.4787704733131704    -0.07678519719039834 
1.4772456946896593    -0.09047491104622127 
1.4753788972529218    -0.10412392650850162 
1.473293613684617    -0.11774229886506057 
1.470947853248622    -0.13131638718230865 
1.4683097298807397    -0.1448379137186177 
1.4655159927250134    -0.15832878121877667 
1.462518957449929    -0.17177557247790143 
1.4592822219065733    -0.18516641572572215 
1.4559386246104893    -0.19853147770696045 
1.4524190233079335    -0.21185136948855737 
1.4486167460515393    -0.2250933920254526 
1.4447342458955537    -0.23831177591786118 
1.4406717744681987    -0.2514758241290264 
1.4364594151087329    -0.2645931600562965 
1.4321198703680105    -0.277668890098385 
1.427563963126339    -0.29067008140146605 
1.4228940696895345    -0.30363153270785764 
1.4181164531845736    -0.3165531700146337 
1.41308064188849    -0.3293769400450255 
1.4078869126855602    -0.3421363540115683 
1.4024503810903215    -0.35479490666973285 
1.3968595211187291    -0.36738660067729906 
1.3909920931411026    -0.37985075013817 
1.3849377716296136    -0.3922252535147517 
1.3786933599373274    -0.40450596179316034 
1.3721056785530097    -0.41660596436685765 
1.365403160622228    -0.4286414845720537 
1.3584579462591102    -0.44053923021882585 
1.3511658159250899    -0.4522282553447202 
1.3437740371437579    -0.46385345455695365 
1.3361811752169939    -0.47534873861722354 
1.3281610037529201    -0.4865507617777509 
1.3200525487081027    -0.4976882865256221 
1.3118035874775207    -0.5087225842557437 
1.303248366733263    -0.5195215041655846 
1.294512418920556    -0.5301738221086532 
1.285684334345768    -0.5407503193633307 
1.2766092260850885    -0.5511161711498012 
1.2672490634819753    -0.5612242627644202 
1.2577394335158343    -0.571191179337207 
1.2480539500818404    -0.580989132381183 
1.2382606184277527    -0.5906786511329944 
1.2282997020216768    -0.6001936825298653 
1.2181139470526745    -0.6094704744814821 
1.2076655418690962    -0.6184500196016836 
1.1971096120544271    -0.6273025978496991 
1.1864986965476993    -0.6360899151485806 
1.1755975017688751    -0.6445135476065957 
1.1645768246212367    -0.6527776714248754 
1.153344009630752    -0.6607544207677231 
1.1419590117071514    -0.6685126612565032 
1.1303988931216407    -0.676003436325104 
1.118735248738029    -0.6833360942944069 
1.106830978508604    -0.6902668443539608 
1.0948082925733464    -0.6969924579258007 
1.0826488794072051    -0.70346985338224 
1.0704072126286324    -0.7097904599737402 
1.0580619871620434    -0.7158973431364939 
1.0455150511920948    -0.7215879380938022 
1.0327929215558882    -0.7268713138357851 
1.0200199286852014    -0.7320327935372108 
1.007073004569548    -0.7367429558641003 
0.994054549332908    -0.7412488568269141 
0.9809637996488089    -0.745539608829929 
0.9677896738980815    -0.7495708473376524 
0.9544925166737444    -0.7531530597044542 
0.9411035021154791    -0.7564000217246639 
0.9276113325696386    -0.7591744363383344 
0.9140858296312835    -0.7617939267858014 
0.9004221964833726    -0.7635584670662825 
0.8867494352980718    -0.7652313901385123 
0.8730062482358498    -0.7661974556512487 
0.8592588338231284    -0.7670119200115884 
0.845483167335838    -0.7668132090831894 
0.8317075008485467    -0.7666144981547905 
0.8180033332851065    -0.7652315577922619 
0.8043038259683234    -0.7637714302363472 
0.7907263984495599    -0.7615984359435152 
0.7773216833403296    -0.7584169133453693 
0.7639169682310998    -0.7552353907472236 
0.7509539649278486    -0.7506679853921778 
0.7381804887915077    -0.7455059334168047 
0.725407012655166    -0.7403438814414314 
0.7128956800476624    -0.7346548818059437 
0.7010732543950229    -0.72758107626084 
0.6892508287423831    -0.7205072707157358 
0.6782221574065572    -0.7122934385823341 
0.6674854689675811    -0.7036602471349901 
0.6567487805286053    -0.6950270556876463 
0.6467593335566701    -0.6855822044497781 
0.6372697460016321    -0.6755944018267085 
0.6277801584465939    -0.6656065992036387 
0.6192171124183838    -0.6548330323231254 
0.610913321790541    -0.6438396009019953 
0.6034372264395328    -0.6322690317645304 
0.595992348555509    -0.6206766952229135 
0.5887888196996731    -0.6089416381434397 
0.5823035445862539    -0.5967876974650822 
0.5761063219212761    -0.5844831087095477 
0.5699090992562986    -0.5721785199540136 
0.5643647731568198    -0.5595669125419214 
0.5588960754690186    -0.546921707261091 
0.5536829215781822    -0.5341719981627867 
0.5487356802070709    -0.5213137993768722 
0.5439525174058102    -0.5083939977051233 
0.5392019757158163    -0.4954618385203245 
0.5345796777035213    -0.48248412212793235 
0.5301082599335597    -0.46945282577648645 
0.5256663320505417    -0.4564114502826214 
0.5213148168900043    -0.4433396183907348 
0.5171551224244337    -0.4302058396785967 
0.5130879736441863    -0.4170428948370291 
0.5090955855025767    -0.40385694731701366 
0.5051354612128162    -0.3906613484562726 
0.5012807648494464    -0.37743448982890593 
0.49756856972439767    -0.3641670995373986 
0.4939695428307395    -0.3508686126959618 
0.49045712976505856    -0.33754680330923764 
0.4870006854995174    -0.32421044406324456 
0.48366564509170895    -0.3108430965821465 
0.4804865339410515    -0.29743785598382055 
0.4774144557023747    -0.28400789782827085 
0.47447159756612667    -0.27054895032737714 
0.4716152626774754    -0.2570712579350636 
0.468880794572615    -0.2435682524405218 
0.46634172149681424    -0.2300271988540068 
0.46387912507810003    -0.21647213218963118 
0.4615786972853947    -0.20288898817770507 
0.45941751518459595    -0.18928245426456883 
0.45735858999436063    -0.17566008381589204 
0.4555280765751128    -0.16200542795544723 
0.4537667993246933    -0.14834142969630312 
0.45211764634231266    -0.13466378298862555 
0.4506241618544577    -0.12096787201904563 
0.44918004991474325    -0.10726666799689474 
0.44796764134442707    -0.09354359025178745 
0.4468706639533916    -0.07981034353680751 
0.44587582051741326    -0.06606955462537578 
0.4451209255160705    -0.05231315223452205 
0.4444867201559867    -0.03855072665731009 
0.4440059443367265    -0.02478274241700617 
0.44372500821376065    -0.011008756669374368 
0.44356826276401473    0.0027674512292500324 
0.4436362353531238    0.016543868286958304 
0.44392516520996517    0.030317530226740604 
0.44429141677943224    0.04408969884111303 
0.4449324851010771    0.057851875435282626 
0.4458481704350921    0.07159850130877568 
0.446835570911283    0.08533968221943745 
0.44808207444869474    0.09905963003544661 
0.4495799012686367    0.11275506679443993 
0.4511971017005329    0.12643650705385442 
0.4530217111877533    0.1400917039348339 
0.4549784897067893    0.1537291130695459 
0.4570804355019382    0.16734492362479297 
0.4594179419037779    0.1809218032821963 
0.46186333767017157    0.1944799916027582 
0.464428259522937    0.20801582067021335 
0.4672137021040076    0.2215084031817155 
0.47005897147113185    0.23498847781885443 
0.47300107509845946    0.24844763328405756 
0.4760028073804287    0.26189373572721353 
0.47906576109579196    0.27532585946634314 
0.48224032661702565    0.28873222097348084 
0.48543764580636156    0.30213317702906295 
0.48874052171080834    0.31550846422526985 
0.4920648694454899    0.3288784733988876 
0.49541833952403286    0.34224119193687835 
0.49878810166587545    0.35559982868211 
0.5021870453926177    0.3689510043963379 
0.505643338398419    0.38228751362995333 
0.5091101199890271    0.3956212948649141 
0.5125353125943696    0.40896582665956493 
0.5159236261561353    0.4223197687190073 
0.5193959893240783    0.4356520792988997 
0.5228676929885193    0.4489845848752544 
0.5262529618071783    0.4623391886690429 
0.5295338370302561    0.4757198031757979 
0.5328706132284381    0.48908649389157505 
0.5362482098891843    0.5024431204954917 
0.5395052308698346    0.5158294698025249 
0.5426059443921267    0.5292527129523162 
0.5456946099030133    0.5426785156173083 
0.548898958141749    0.5560777926712037 
0.5519995494270852    0.5695012366674399 
0.5549413485287323    0.5829605220842119 
0.5577402822322565    0.5964503043408179 
0.5604996879837031    0.6099482357786726 
65 
1 
0.0 
0.12500000000000014 
0.1767766952966362 
0.2165063509461099 
0.24999999999999964 
0.279508497187474 
0.30618621784789707 
0.33071891388307373 
0.35355339059327373 
0.3750000000000004 
0.39528470752104705 
0.41457809879442503 
0.4330127018922194 
0.4506939094329988 
0.4677071733467425 
0.484122918275927 
0.4999999999999999 
0.5153882032022075 
0.5303300858899106 
0.5448623679425842 
0.5590169943749475 
0.5728219618694798 
0.5863019699779286 
0.5994789404140901 
0.6123724356957945 
0.6250000000000002 
0.6373774391990981 
0.649519052838329 
0.6614378277661475 
0.6731456008918131 
0.6846531968814574 
0.6959705453537528 
0.7071067811865475 
0.7180703308172535 
0.7288689868556625 
0.739509972887452 
0.7500000000000001 
0.7603453162872774 
0.770551750371122 
0.7806247497997999 
0.7905694150420949 
0.8003905296791061 
0.8100925873009824 
0.8196798155377503 
0.8291561975888501 
0.8385254915624212 
0.8477912478906584 
0.8569568250501305 
0.8660254037844387 
0.875 
0.8838834764831843 
0.8926785535678563 
0.9013878188659974 
0.9100137361600649 
0.9185586535436918 
0.9270248108869578 
0.9354143466934853 
0.9437293044088437 
0.9519716382329886 
0.9601432184835761 
0.9682458365518543 
0.9762812094883317 
0.9842509842514763 
0.9921567416492215 
1.0 
-0.11902965930661036 
-0.11740072368421679 
-0.11577178806182326 
-0.11414285208103275 
-0.11251391645863919 
-0.11088498083624564 
-0.10925604485545513 
-0.10762710923306157 
-0.10599817361066803 
-0.10436923798827448 
-0.10274030200748398 
-0.10111136638509044 
-0.09948243076269687 
-0.09785349514030332 
-0.0962245591595128 
-0.09459562353711924 
-0.0929666879147257 
-0.09133775193393519 
-0.08970881631154165 
-0.0880798806891481 
-0.08645094506675452 
-0.08482200908596403 
-0.08319307346357048 
-0.08156413784117691 
-0.07993520186038643 
-0.07830626623799286 
-0.07667733061559932 
-0.07504839499320577 
-0.07341945901241526 
-0.0717905233900217 
-0.07016158776762815 
-0.0685326521452346 
-0.06690371616444409 
-0.06527478054205055 
-0.063645844919657 
-0.062016908938866494 
-0.06038797331647293 
-0.058759037694079384 
-0.05713010207168583 
-0.055501166090895324 
-0.05387223046850177 
-0.05224329484610822 
-0.05061435886531771 
-0.04898542324292416 
-0.04735648762053061 
-0.04572755199813706 
-0.044098616017346555 
-0.04246968039495299 
-0.040840744772559445 
-0.03921180915016588 
-0.037582873169375385 
-0.03595393754698183 
-0.0343250018170692 
-0.032696066087156556 
-0.03106713039308361 
-0.029438194663170974 
-0.02780925893325834 
-0.0261803232033457 
-0.024551387473433058 
-0.02292245177936011 
-0.021293516049447476 
-0.019664580319534834 
-0.018035644589622202 
-0.016406708895549255 
-0.01477777316563662 
0.1268378390388683 
0.12514223304059016 
0.12344351785430673 
0.12174169252890507 
0.12003675801549811 
0.11832871431408581 
0.1166175614246682 
0.11490329934724525 
0.11318592713070409 
0.11146544572615762 
0.1097418560847187 
0.1080151563041616 
0.10628534638448625 
0.1045524282279185 
0.1028164008833454 
0.10107726339965412 
0.0993350167279575 
0.09758966086825555 
0.09584119582054827 
0.09408962101416796 
0.09233493701978232 
0.09057714374228007 
0.08881624108654991 
0.08705222914770314 
0.08528510783062848 
0.08351487713532592 
0.08174153706179543 
0.07996508770514836 
0.07818552897027338 
0.07640286095228181 
0.07461708346095103 
0.07282819668650363 
0.07103620062893963 
0.06924109509803644 
0.06744288028401664 
0.06564155609176894 
0.06383712261640462 
0.062029579762812405 
0.0602189275309923 
0.05840516592094429 
0.056588295027779664 
0.05476831475638713 
0.05294522520187799 
0.05111902617402967 
0.04928971786306475 
0.0474573002689832 
0.04562177320156246 
0.04378313685102511 
0.041941391122259856 
0.040096536110378 
0.03824857172026824 
0.036397497951930584 
0.034543314805365016 
0.03268602237568285 
0.030825620567772775 
0.02896210938163481 
0.027095488912380224 
0.025225759064897744 
0.023352919839187358 
0.021476971330360365 
0.019597913443305467 
0.017715746178022674 
0.015830469629623267 
0.01394208360788467 
0.012050588398140754 
